12 1 342 688 47 30 -1 -1 -1 0 2 Green car 
13 1 345 674 45 45 -1 -1 -1 0 2 Green car 
14 1 338 669 54 50 -1 -1 -1 0 2 Green car 
15 1 340 660 52 59 -1 -1 -1 0 2 Green car 
16 1 341 652 50 67 -1 -1 -1 0 2 Green car 
17 1 340 645 53 74 -1 -1 -1 0 2 Green car 
18 1 340 638 52 81 -1 -1 -1 0 2 Green car 
19 1 342 628 48 91 -1 -1 -1 0 2 Green car 
20 1 340 622 51 97 -1 -1 -1 0 2 Green car 
21 1 342 614 49 105 -1 -1 -1 0 2 Green car 
22 1 342 606 49 113 -1 -1 -1 0 2 Green car 
23 1 341 600 50 119 -1 -1 -1 0 2 Green car 
24 1 343 593 47 126 -1 -1 -1 0 2 Green car 
25 1 342 583 49 135 -1 -1 -1 0 2 Green car 
26 1 343 575 48 136 -1 -1 -1 0 2 Green car 
27 1 341 565 51 138 -1 -1 -1 0 2 Green car 
28 1 340 560 50 133 -1 -1 -1 0 2 Green car 
29 1 337 554 58 129 -1 -1 -1 0 2 Green car 
30 1 340 544 51 132 -1 -1 -1 0 2 Green car 
31 1 342 536 48 135 -1 -1 -1 0 2 Green car 
32 1 339 527 51 131 -1 -1 -1 0 2 Green car 
33 1 342 521 49 132 -1 -1 -1 0 2 Green car 
34 1 342 511 49 134 -1 -1 -1 0 2 Green car 
35 1 342 504 49 133 -1 -1 -1 0 2 Green car 
36 1 342 494 49 135 -1 -1 -1 0 2 Green car 
37 1 341 486 49 135 -1 -1 -1 0 2 Green car 
38 1 342 478 50 136 -1 -1 -1 0 2 Green car 
39 1 341 470 50 135 -1 -1 -1 0 2 Green car 
40 1 344 461 47 137 -1 -1 -1 0 2 Green car 
41 1 341 451 51 137 -1 -1 -1 0 2 Green car 
42 1 344 445 47 138 -1 -1 -1 0 2 Green car 
43 1 342 434 51 141 -1 -1 -1 0 2 Green car 
44 1 342 428 51 140 -1 -1 -1 0 2 Green car 
45 1 342 420 53 140 -1 -1 -1 0 2 Green car 
46 1 341 414 54 135 -1 -1 -1 0 2 Green car 
47 1 342 414 49 117 -1 -1 -1 0 2 Green car 
48 1 346 404 44 124 -1 -1 -1 0 2 Green car 
49 1 342 394 51 123 -1 -1 -1 0 2 Green car 
50 1 343 388 51 122 -1 -1 -1 0 2 Green car 
51 1 344 381 48 119 -1 -1 -1 0 2 Green car 
52 1 347 374 43 119 -1 -1 -1 0 2 Green car 
53 1 342 359 51 136 -1 -1 -1 0 2 Green car 
54 1 341 348 54 138 -1 -1 -1 0 2 Green car 
55 1 340 343 53 135 -1 -1 -1 0 2 Green car 
56 1 342 333 52 137 -1 -1 -1 0 2 Green car 
57 1 340 326 53 136 -1 -1 -1 0 2 Green car 
58 1 343 318 49 136 -1 -1 -1 0 2 Green car 
59 1 342 308 52 136 -1 -1 -1 0 2 Green car 
60 1 343 304 50 135 -1 -1 -1 0 2 Green car 
61 1 343 296 49 134 -1 -1 -1 0 2 Green car 
62 1 342 288 50 136 -1 -1 -1 0 2 Green car 
63 1 343 282 49 135 -1 -1 -1 0 2 Green car 
64 1 343 272 49 137 -1 -1 -1 0 2 Green car 
65 1 343 269 49 135 -1 -1 -1 0 2 Green car 
66 1 343 261 48 135 -1 -1 -1 0 2 Green car 
67 1 342 253 50 137 -1 -1 -1 0 2 Green car 
68 1 343 246 48 138 -1 -1 -1 0 2 Green car 
69 1 342 237 50 137 -1 -1 -1 0 2 Green car 
70 1 342 233 49 136 -1 -1 -1 0 2 Green car 
71 1 342 226 49 136 -1 -1 -1 0 2 Green car 
72 1 341 218 50 137 -1 -1 -1 0 2 Green car 
73 1 342 212 47 136 -1 -1 -1 0 2 Green car 
74 1 343 203 48 137 -1 -1 -1 0 2 Green car 
75 1 342 197 47 137 -1 -1 -1 0 2 Green car 
76 1 341 190 50 138 -1 -1 -1 0 2 Green car 
77 1 342 181 48 138 -1 -1 -1 0 2 Green car 
78 1 341 174 51 142 -1 -1 -1 0 2 Green car 
79 1 341 168 52 141 -1 -1 -1 0 2 Green car 
80 1 340 163 54 134 -1 -1 -1 0 2 Green car 
81 1 340 161 50 120 -1 -1 -1 0 2 Green car 
82 1 343 155 47 121 -1 -1 -1 0 2 Green car 
83 1 344 147 44 122 -1 -1 -1 0 2 Green car 
84 1 343 134 46 134 -1 -1 -1 0 2 Green car 
85 1 339 127 52 135 -1 -1 -1 0 2 Green car 
86 1 340 120 50 135 -1 -1 -1 0 2 Green car 
87 1 340 110 50 138 -1 -1 -1 0 2 Green car 
88 1 338 105 54 138 -1 -1 -1 0 2 Green car 
89 1 338 99 52 136 -1 -1 -1 0 2 Green car 
90 1 337 91 53 137 -1 -1 -1 0 2 Green car 
91 1 337 85 52 137 -1 -1 -1 0 2 Green car 
92 1 337 77 53 136 -1 -1 -1 0 2 Green car 
93 1 338 71 51 135 -1 -1 -1 0 2 Green car 
94 1 339 64 49 136 -1 -1 -1 0 2 Green car 
95 1 337 56 52 136 -1 -1 -1 0 2 Green car 
96 1 339 49 48 137 -1 -1 -1 0 2 Green car 
97 1 338 41 50 140 -1 -1 -1 0 2 Green car 
98 1 337 36 52 131 -1 -1 -1 0 2 Green car 
99 1 337 29 51 134 -1 -1 -1 0 2 Green car 
100 1 335 22 53 133 -1 -1 -1 0 2 Green car 
101 1 337 14 50 137 -1 -1 -1 0 2 Green car 
102 1 338 7 48 138 -1 -1 -1 0 2 Green car 
103 1 336 2 52 133 -1 -1 -1 0 2 Green car 
104 1 335 3 51 125 -1 -1 -1 0 2 Green car 
105 1 335 0 52 120 -1 -1 -1 0 2 Green car 
106 1 336 0 53 114 -1 -1 -1 0 2 Green car 
107 1 335 1 53 104 -1 -1 -1 0 2 Green car 
108 1 333 0 58 99 -1 -1 -1 0 2 Green car 
109 1 333 0 56 92 -1 -1 -1 0 2 Green car 
110 1 334 0 55 87 -1 -1 -1 0 2 Green car 
111 1 335 0 56 81 -1 -1 -1 0 2 Green car 
112 1 332 0 59 73 -1 -1 -1 0 2 Green car 
113 1 333 0 58 65 -1 -1 -1 0 2 Green car 
114 1 335 0 53 58 -1 -1 -1 0 2 Green car 
115 1 334 0 56 50 -1 -1 -1 0 2 Green car 
116 1 335 0 55 44 -1 -1 -1 0 2 Green car 
117 1 333 0 56 32 -1 -1 -1 0 2 Green car 
118 1 331 0 58 29 -1 -1 -1 0 2 Green car 
119 1 332 1 54 17 -1 -1 -1 0 2 Green car 
146 2 342 688 47 30 -1 -1 -1 0 0 Red car 
147 2 345 674 44 45 -1 -1 -1 0 0 Red car 
148 2 337 669 56 50 -1 -1 -1 0 0 Red car 
149 2 340 660 52 59 -1 -1 -1 0 0 Red car 
150 2 338 654 54 65 -1 -1 -1 0 0 Red car 
151 2 340 645 53 74 -1 -1 -1 0 0 Red car 
152 2 340 638 52 81 -1 -1 -1 0 0 Red car 
153 2 341 628 49 91 -1 -1 -1 0 0 Red car 
154 2 340 622 51 97 -1 -1 -1 0 0 Red car 
155 2 342 614 49 105 -1 -1 -1 0 0 Red car 
156 2 341 606 49 113 -1 -1 -1 0 0 Red car 
157 2 341 600 50 119 -1 -1 -1 0 0 Red car 
158 2 343 592 47 127 -1 -1 -1 0 0 Red car 
159 2 342 583 49 135 -1 -1 -1 0 0 Red car 
160 2 343 575 48 136 -1 -1 -1 0 0 Red car 
161 2 341 566 51 136 -1 -1 -1 0 0 Red car 
162 2 340 560 50 133 -1 -1 -1 0 0 Red car 
163 2 341 550 49 137 -1 -1 -1 0 0 Red car 
164 2 340 544 51 132 -1 -1 -1 0 0 Red car 
165 2 342 535 48 136 -1 -1 -1 0 0 Red car 
166 2 340 527 50 131 -1 -1 -1 0 0 Red car 
167 2 342 521 49 132 -1 -1 -1 0 0 Red car 
168 2 343 511 48 134 -1 -1 -1 0 0 Red car 
169 2 343 504 48 133 -1 -1 -1 0 0 Red car 
170 2 342 494 49 135 -1 -1 -1 0 0 Red car 
171 2 341 486 50 134 -1 -1 -1 0 0 Red car 
172 2 343 478 49 136 -1 -1 -1 0 0 Red car 
173 2 341 470 50 135 -1 -1 -1 0 0 Red car 
174 2 344 461 47 137 -1 -1 -1 0 0 Red car 
175 2 341 451 51 136 -1 -1 -1 0 0 Red car 
176 2 343 445 47 138 -1 -1 -1 0 0 Red car 
177 2 342 434 51 141 -1 -1 -1 0 0 Red car 
178 2 342 428 51 140 -1 -1 -1 0 0 Red car 
179 2 341 420 53 141 -1 -1 -1 0 0 Red car 
180 2 341 414 54 135 -1 -1 -1 0 0 Red car 
181 2 342 414 49 117 -1 -1 -1 0 0 Red car 
182 2 346 405 44 123 -1 -1 -1 0 0 Red car 
183 2 342 394 51 122 -1 -1 -1 0 0 Red car 
184 2 343 388 50 122 -1 -1 -1 0 0 Red car 
185 2 344 381 48 119 -1 -1 -1 0 0 Red car 
186 2 347 374 43 119 -1 -1 -1 0 0 Red car 
187 2 342 359 51 136 -1 -1 -1 0 0 Red car 
188 2 341 349 54 137 -1 -1 -1 0 0 Red car 
189 2 340 343 54 135 -1 -1 -1 0 0 Red car 
190 2 341 334 53 135 -1 -1 -1 0 0 Red car 
191 2 340 326 53 135 -1 -1 -1 0 0 Red car 
192 2 343 319 49 134 -1 -1 -1 0 0 Red car 
193 2 342 308 51 136 -1 -1 -1 0 0 Red car 
194 2 343 303 50 135 -1 -1 -1 0 0 Red car 
195 2 343 295 50 136 -1 -1 -1 0 0 Red car 
196 2 342 289 50 136 -1 -1 -1 0 0 Red car 
197 2 343 282 49 135 -1 -1 -1 0 0 Red car 
198 2 343 272 49 137 -1 -1 -1 0 0 Red car 
199 2 343 269 49 135 -1 -1 -1 0 0 Red car 
200 2 343 260 48 136 -1 -1 -1 0 0 Red car 
201 2 341 253 51 137 -1 -1 -1 0 0 Red car 
202 2 344 246 47 138 -1 -1 -1 0 0 Red car 
203 2 342 237 50 137 -1 -1 -1 0 0 Red car 
204 2 343 232 48 137 -1 -1 -1 0 0 Red car 
205 2 341 225 50 137 -1 -1 -1 0 0 Red car 
206 2 340 218 51 137 -1 -1 -1 0 0 Red car 
207 2 343 211 46 137 -1 -1 -1 0 0 Red car 
208 2 343 203 48 137 -1 -1 -1 0 0 Red car 
209 2 342 197 47 138 -1 -1 -1 0 0 Red car 
210 2 341 190 50 138 -1 -1 -1 0 0 Red car 
211 2 342 181 48 138 -1 -1 -1 0 0 Red car 
212 2 341 174 51 142 -1 -1 -1 0 0 Red car 
213 2 341 168 51 140 -1 -1 -1 0 0 Red car 
214 2 340 163 54 134 -1 -1 -1 0 0 Red car 
215 2 340 161 50 120 -1 -1 -1 0 0 Red car 
216 2 343 154 47 123 -1 -1 -1 0 0 Red car 
217 2 344 147 45 122 -1 -1 -1 0 0 Red car 
218 2 342 134 47 134 -1 -1 -1 0 0 Red car 
219 2 339 127 52 135 -1 -1 -1 0 0 Red car 
220 2 340 120 50 135 -1 -1 -1 0 0 Red car 
221 2 338 110 52 138 -1 -1 -1 0 0 Red car 
222 2 337 105 55 138 -1 -1 -1 0 0 Red car 
223 2 337 99 54 136 -1 -1 -1 0 0 Red car 
224 2 337 91 53 136 -1 -1 -1 0 0 Red car 
225 2 338 86 51 135 -1 -1 -1 0 0 Red car 
226 2 338 77 52 136 -1 -1 -1 0 0 Red car 
227 2 338 71 51 135 -1 -1 -1 0 0 Red car 
228 2 339 64 49 136 -1 -1 -1 0 0 Red car 
229 2 338 55 51 137 -1 -1 -1 0 0 Red car 
230 2 338 49 50 137 -1 -1 -1 0 0 Red car 
231 2 338 41 50 140 -1 -1 -1 0 0 Red car 
232 2 337 36 52 131 -1 -1 -1 0 0 Red car 
233 2 337 29 51 134 -1 -1 -1 0 0 Red car 
234 2 335 22 53 133 -1 -1 -1 0 0 Red car 
235 2 337 14 50 137 -1 -1 -1 0 0 Red car 
236 2 338 7 48 138 -1 -1 -1 0 0 Red car 
237 2 335 1 53 134 -1 -1 -1 0 0 Red car 
238 2 335 3 51 125 -1 -1 -1 0 0 Red car 
239 2 335 0 52 120 -1 -1 -1 0 0 Red car 
240 2 336 0 53 114 -1 -1 -1 0 0 Red car 
241 2 335 2 53 102 -1 -1 -1 0 0 Red car 
242 2 334 0 56 99 -1 -1 -1 0 0 Red car 
243 2 333 0 56 92 -1 -1 -1 0 0 Red car 
244 2 334 0 55 87 -1 -1 -1 0 0 Red car 
245 2 335 0 56 81 -1 -1 -1 0 0 Red car 
246 2 333 0 59 73 -1 -1 -1 0 0 Red car 
247 2 333 0 58 65 -1 -1 -1 0 0 Red car 
248 2 334 0 54 58 -1 -1 -1 0 0 Red car 
249 2 333 0 59 51 -1 -1 -1 0 0 Red car 
250 2 334 0 57 44 -1 -1 -1 0 0 Red car 
251 2 334 0 55 32 -1 -1 -1 0 0 Red car 
252 2 331 0 58 29 -1 -1 -1 0 0 Red car 
253 2 332 1 54 18 -1 -1 -1 0 0 Red car 
295 3 347 670 55 49 -1 -1 -1 0 0 Red car 
296 3 353 650 52 68 -1 -1 -1 0 0 Red car 
297 3 350 636 52 83 -1 -1 -1 0 0 Red car 
298 3 350 621 53 98 -1 -1 -1 0 0 Red car 
299 3 352 609 53 110 -1 -1 -1 0 0 Red car 
300 3 353 591 51 128 -1 -1 -1 0 0 Red car 
301 3 352 574 55 137 -1 -1 -1 0 0 Red car 
302 3 350 558 58 137 -1 -1 -1 0 0 Red car 
303 3 349 542 60 135 -1 -1 -1 0 0 Red car 
304 3 351 526 58 136 -1 -1 -1 0 0 Red car 
305 3 350 511 58 138 -1 -1 -1 0 0 Red car 
306 3 349 495 58 138 -1 -1 -1 0 0 Red car 
307 3 350 474 57 145 -1 -1 -1 0 0 Red car 
308 3 345 457 62 146 -1 -1 -1 0 0 Red car 
309 3 340 443 65 145 -1 -1 -1 0 0 Red car 
310 3 336 435 70 139 -1 -1 -1 0 0 Red car 
311 3 331 427 73 137 -1 -1 -1 0 0 Red car 
312 3 328 419 77 133 -1 -1 -1 0 0 Red car 
313 3 324 407 79 135 -1 -1 -1 0 0 Red car 
314 3 316 398 83 135 -1 -1 -1 0 0 Red car 
315 3 312 390 84 131 -1 -1 -1 0 0 Red car 
316 3 300 385 91 124 -1 -1 -1 0 0 Red car 
317 3 301 380 88 120 -1 -1 -1 0 0 Red car 
318 3 290 369 95 125 -1 -1 -1 0 0 Red car 
319 3 285 361 99 126 -1 -1 -1 0 0 Red car 
320 3 274 354 105 123 -1 -1 -1 0 0 Red car 
321 3 270 351 104 118 -1 -1 -1 0 0 Red car 
322 3 266 343 103 117 -1 -1 -1 0 0 Red car 
323 3 255 339 110 114 -1 -1 -1 0 0 Red car 
324 3 249 333 113 112 -1 -1 -1 0 0 Red car 
325 3 243 323 111 116 -1 -1 -1 0 0 Red car 
326 3 234 323 115 108 -1 -1 -1 0 0 Red car 
327 3 229 320 115 104 -1 -1 -1 0 0 Red car 
328 3 222 313 115 103 -1 -1 -1 0 0 Red car 
329 3 212 311 119 98 -1 -1 -1 0 0 Red car 
330 3 206 306 119 100 -1 -1 -1 0 0 Red car 
331 3 190 303 134 97 -1 -1 -1 0 0 Red car 
332 3 192 298 123 98 -1 -1 -1 0 0 Red car 
333 3 184 291 125 105 -1 -1 -1 0 0 Red car 
334 3 175 294 126 93 -1 -1 -1 0 0 Red car 
335 3 169 293 126 91 -1 -1 -1 0 0 Red car 
336 3 164 289 122 95 -1 -1 -1 0 0 Red car 
337 3 154 294 128 86 -1 -1 -1 0 0 Red car 
338 3 151 287 122 96 -1 -1 -1 0 0 Red car 
339 3 143 291 123 86 -1 -1 -1 0 0 Red car 
340 3 134 291 126 85 -1 -1 -1 0 0 Red car 
341 3 128 289 123 87 -1 -1 -1 0 0 Red car 
342 3 116 295 132 77 -1 -1 -1 0 0 Red car 
343 3 114 290 122 84 -1 -1 -1 0 0 Red car 
344 3 106 295 123 72 -1 -1 -1 0 0 Red car 
345 3 98 295 124 73 -1 -1 -1 0 0 Red car 
346 3 93 293 120 74 -1 -1 -1 0 0 Red car 
347 3 83 298 127 66 -1 -1 -1 0 0 Red car 
348 3 79 295 120 72 -1 -1 -1 0 0 Red car 
349 3 69 297 122 67 -1 -1 -1 0 0 Red car 
350 3 62 296 120 68 -1 -1 -1 0 0 Red car 
351 3 54 295 121 68 -1 -1 -1 0 0 Red car 
352 3 45 297 126 66 -1 -1 -1 0 0 Red car 
353 3 40 295 120 69 -1 -1 -1 0 0 Red car 
354 3 32 296 122 65 -1 -1 -1 0 0 Red car 
355 3 26 294 119 70 -1 -1 -1 0 0 Red car 
356 3 17 294 121 67 -1 -1 -1 0 0 Red car 
357 3 7 293 124 71 -1 -1 -1 0 0 Red car 
358 3 6 291 116 72 -1 -1 -1 0 0 Red car 
359 3 6 296 111 63 -1 -1 -1 0 0 Red car 
360 3 5 297 104 61 -1 -1 -1 0 0 Red car 
361 3 4 297 95 61 -1 -1 -1 0 0 Red car 
362 3 4 297 88 60 -1 -1 -1 0 0 Red car 
363 3 1 296 87 63 -1 -1 -1 0 0 Red car 
364 3 5 301 72 54 -1 -1 -1 0 0 Red car 
365 3 4 300 66 56 -1 -1 -1 0 0 Red car 
366 3 2 298 58 60 -1 -1 -1 0 0 Red car 
367 3 0 297 58 61 -1 -1 -1 0 0 Red car 
368 3 3 299 44 59 -1 -1 -1 0 0 Red car 
369 3 4 301 37 57 -1 -1 -1 0 0 Red car 
370 3 1 300 35 57 -1 -1 -1 0 0 Red car 
371 3 0 299 28 55 -1 -1 -1 0 0 Red car 
372 3 1 298 19 56 -1 -1 -1 0 0 Red car 
411 4 144 673 65 46 -1 -1 -1 0 0 Red car 
412 4 144 661 75 58 -1 -1 -1 0 0 Red car 
413 4 145 657 79 62 -1 -1 -1 0 0 Red car 
414 4 145 649 82 69 -1 -1 -1 0 0 Red car 
415 4 145 638 87 81 -1 -1 -1 0 0 Red car 
416 4 148 629 87 90 -1 -1 -1 0 0 Red car 
417 4 148 619 89 100 -1 -1 -1 0 0 Red car 
418 4 146 613 94 106 -1 -1 -1 0 0 Red car 
419 4 148 604 91 115 -1 -1 -1 0 0 Red car 
420 4 149 592 93 127 -1 -1 -1 0 0 Red car 
421 4 146 582 95 128 -1 -1 -1 0 0 Red car 
422 4 147 571 97 131 -1 -1 -1 0 0 Red car 
423 4 145 562 97 132 -1 -1 -1 0 0 Red car 
424 4 146 555 97 130 -1 -1 -1 0 0 Red car 
425 4 143 547 98 128 -1 -1 -1 0 0 Red car 
426 4 143 537 97 130 -1 -1 -1 0 0 Red car 
427 4 141 532 97 127 -1 -1 -1 0 0 Red car 
428 4 140 527 98 126 -1 -1 -1 0 0 Red car 
429 4 140 518 98 128 -1 -1 -1 0 0 Red car 
430 4 135 514 101 124 -1 -1 -1 0 0 Red car 
431 4 137 505 98 128 -1 -1 -1 0 0 Red car 
432 4 136 496 98 131 -1 -1 -1 0 0 Red car 
433 4 134 492 98 126 -1 -1 -1 0 0 Red car 
434 4 135 484 93 128 -1 -1 -1 0 0 Red car 
435 4 134 476 95 131 -1 -1 -1 0 0 Red car 
436 4 130 471 98 129 -1 -1 -1 0 0 Red car 
437 4 130 462 96 131 -1 -1 -1 0 0 Red car 
438 4 126 452 97 134 -1 -1 -1 0 0 Red car 
439 4 125 451 95 130 -1 -1 -1 0 0 Red car 
440 4 122 445 97 128 -1 -1 -1 0 0 Red car 
441 4 120 438 95 131 -1 -1 -1 0 0 Red car 
442 4 116 435 93 128 -1 -1 -1 0 0 Red car 
443 4 113 428 96 128 -1 -1 -1 0 0 Red car 
444 4 112 423 93 129 -1 -1 -1 0 0 Red car 
445 4 101 424 101 121 -1 -1 -1 0 0 Red car 
446 4 102 418 93 124 -1 -1 -1 0 0 Red car 
447 4 97 411 95 127 -1 -1 -1 0 0 Red car 
448 4 95 403 91 129 -1 -1 -1 0 0 Red car 
449 4 88 402 95 126 -1 -1 -1 0 0 Red car 
450 4 87 397 91 127 -1 -1 -1 0 0 Red car 
451 4 82 392 92 129 -1 -1 -1 0 0 Red car 
452 4 72 386 95 125 -1 -1 -1 0 0 Red car 
453 4 64 381 93 124 -1 -1 -1 0 0 Red car 
454 4 54 370 97 128 -1 -1 -1 0 0 Red car 
455 4 42 366 100 127 -1 -1 -1 0 0 Red car 
456 4 35 361 99 127 -1 -1 -1 0 0 Red car 
457 4 25 353 99 129 -1 -1 -1 0 0 Red car 
458 4 14 353 101 119 -1 -1 -1 0 0 Red car 
459 4 5 349 99 119 -1 -1 -1 0 0 Red car 
460 4 4 341 92 122 -1 -1 -1 0 0 Red car 
461 4 1 335 86 124 -1 -1 -1 0 0 Red car 
462 4 0 331 76 125 -1 -1 -1 0 0 Red car 
463 4 0 329 67 122 -1 -1 -1 0 0 Red car 
464 4 0 331 60 117 -1 -1 -1 0 0 Red car 
465 4 0 334 48 110 -1 -1 -1 0 0 Red car 
466 4 0 340 39 97 -1 -1 -1 0 0 Red car 
467 4 0 337 26 102 -1 -1 -1 0 0 Red car 
520 5 347 670 55 49 -1 -1 -1 0 2 Green car 
521 5 353 650 52 68 -1 -1 -1 0 2 Green car 
522 5 350 636 52 83 -1 -1 -1 0 2 Green car 
523 5 350 621 53 98 -1 -1 -1 0 2 Green car 
524 5 352 609 53 110 -1 -1 -1 0 2 Green car 
525 5 353 591 51 128 -1 -1 -1 0 2 Green car 
526 5 352 575 55 136 -1 -1 -1 0 2 Green car 
527 5 351 558 57 137 -1 -1 -1 0 2 Green car 
528 5 350 541 59 137 -1 -1 -1 0 2 Green car 
529 5 351 526 58 136 -1 -1 -1 0 2 Green car 
530 5 350 511 58 138 -1 -1 -1 0 2 Green car 
531 5 349 494 59 140 -1 -1 -1 0 2 Green car 
532 5 349 474 59 146 -1 -1 -1 0 2 Green car 
533 5 345 457 62 146 -1 -1 -1 0 2 Green car 
534 5 340 442 65 146 -1 -1 -1 0 2 Green car 
535 5 337 434 69 140 -1 -1 -1 0 2 Green car 
536 5 331 427 74 137 -1 -1 -1 0 2 Green car 
537 5 328 419 77 133 -1 -1 -1 0 2 Green car 
538 5 324 407 79 135 -1 -1 -1 0 2 Green car 
539 5 316 398 83 135 -1 -1 -1 0 2 Green car 
540 5 312 390 84 131 -1 -1 -1 0 2 Green car 
541 5 300 385 91 125 -1 -1 -1 0 2 Green car 
542 5 300 380 89 120 -1 -1 -1 0 2 Green car 
543 5 290 370 95 124 -1 -1 -1 0 2 Green car 
544 5 285 362 99 125 -1 -1 -1 0 2 Green car 
545 5 274 354 105 123 -1 -1 -1 0 2 Green car 
546 5 270 351 104 119 -1 -1 -1 0 2 Green car 
547 5 266 343 103 118 -1 -1 -1 0 2 Green car 
548 5 255 339 110 114 -1 -1 -1 0 2 Green car 
549 5 250 333 112 112 -1 -1 -1 0 2 Green car 
550 5 243 323 111 116 -1 -1 -1 0 2 Green car 
551 5 234 323 115 108 -1 -1 -1 0 2 Green car 
552 5 229 321 115 102 -1 -1 -1 0 2 Green car 
553 5 223 313 112 105 -1 -1 -1 0 2 Green car 
554 5 210 309 122 105 -1 -1 -1 0 2 Green car 
555 5 206 304 119 104 -1 -1 -1 0 2 Green car 
556 5 191 303 132 97 -1 -1 -1 0 2 Green car 
557 5 192 298 123 98 -1 -1 -1 0 2 Green car 
558 5 184 291 125 105 -1 -1 -1 0 2 Green car 
559 5 176 294 125 93 -1 -1 -1 0 2 Green car 
560 5 170 293 124 91 -1 -1 -1 0 2 Green car 
561 5 164 289 122 95 -1 -1 -1 0 2 Green car 
562 5 154 294 128 86 -1 -1 -1 0 2 Green car 
563 5 150 287 123 96 -1 -1 -1 0 2 Green car 
564 5 143 291 123 86 -1 -1 -1 0 2 Green car 
565 5 134 291 126 85 -1 -1 -1 0 2 Green car 
566 5 128 289 123 87 -1 -1 -1 0 2 Green car 
567 5 116 294 132 79 -1 -1 -1 0 2 Green car 
568 5 113 290 123 84 -1 -1 -1 0 2 Green car 
569 5 106 294 123 73 -1 -1 -1 0 2 Green car 
570 5 98 294 124 75 -1 -1 -1 0 2 Green car 
571 5 93 293 120 74 -1 -1 -1 0 2 Green car 
572 5 83 299 127 65 -1 -1 -1 0 2 Green car 
573 5 79 294 120 73 -1 -1 -1 0 2 Green car 
574 5 70 296 121 69 -1 -1 -1 0 2 Green car 
575 5 62 296 120 68 -1 -1 -1 0 2 Green car 
576 5 54 294 121 69 -1 -1 -1 0 2 Green car 
577 5 45 297 126 67 -1 -1 -1 0 2 Green car 
578 5 39 295 121 69 -1 -1 -1 0 2 Green car 
579 5 32 296 121 65 -1 -1 -1 0 2 Green car 
580 5 26 294 119 71 -1 -1 -1 0 2 Green car 
581 5 18 294 120 67 -1 -1 -1 0 2 Green car 
582 5 7 293 124 71 -1 -1 -1 0 2 Green car 
583 5 6 292 116 71 -1 -1 -1 0 2 Green car 
584 5 6 296 110 62 -1 -1 -1 0 2 Green car 
585 5 5 297 104 61 -1 -1 -1 0 2 Green car 
586 5 4 297 95 61 -1 -1 -1 0 2 Green car 
587 5 4 298 88 59 -1 -1 -1 0 2 Green car 
588 5 2 296 86 63 -1 -1 -1 0 2 Green car 
589 5 5 302 72 52 -1 -1 -1 0 2 Green car 
590 5 4 300 66 56 -1 -1 -1 0 2 Green car 
591 5 2 298 58 60 -1 -1 -1 0 2 Green car 
592 5 0 298 58 60 -1 -1 -1 0 2 Green car 
593 5 3 299 44 59 -1 -1 -1 0 2 Green car 
594 5 4 302 37 56 -1 -1 -1 0 2 Green car 
595 5 1 300 35 57 -1 -1 -1 0 2 Green car 
596 5 0 299 28 55 -1 -1 -1 0 2 Green car 
597 5 1 299 19 55 -1 -1 -1 0 2 Green car 
636 6 144 674 65 45 -1 -1 -1 0 2 Green car 
637 6 144 661 75 58 -1 -1 -1 0 2 Green car 
638 6 145 656 79 63 -1 -1 -1 0 2 Green car 
639 6 145 649 82 69 -1 -1 -1 0 2 Green car 
640 6 145 637 86 82 -1 -1 -1 0 2 Green car 
641 6 148 629 87 90 -1 -1 -1 0 2 Green car 
642 6 148 619 89 100 -1 -1 -1 0 2 Green car 
643 6 146 613 94 106 -1 -1 -1 0 2 Green car 
644 6 148 604 92 115 -1 -1 -1 0 2 Green car 
645 6 149 592 93 127 -1 -1 -1 0 2 Green car 
646 6 146 582 95 128 -1 -1 -1 0 2 Green car 
647 6 147 570 97 133 -1 -1 -1 0 2 Green car 
648 6 145 562 97 132 -1 -1 -1 0 2 Green car 
649 6 146 555 97 130 -1 -1 -1 0 2 Green car 
650 6 143 546 98 130 -1 -1 -1 0 2 Green car 
651 6 143 537 97 130 -1 -1 -1 0 2 Green car 
652 6 141 532 97 127 -1 -1 -1 0 2 Green car 
653 6 140 527 98 126 -1 -1 -1 0 2 Green car 
654 6 140 518 98 128 -1 -1 -1 0 2 Green car 
655 6 135 514 101 124 -1 -1 -1 0 2 Green car 
656 6 137 505 98 128 -1 -1 -1 0 2 Green car 
657 6 137 496 97 132 -1 -1 -1 0 2 Green car 
658 6 134 492 98 127 -1 -1 -1 0 2 Green car 
659 6 135 484 94 128 -1 -1 -1 0 2 Green car 
660 6 134 476 95 131 -1 -1 -1 0 2 Green car 
661 6 130 471 98 129 -1 -1 -1 0 2 Green car 
662 6 130 462 96 132 -1 -1 -1 0 2 Green car 
663 6 127 452 96 134 -1 -1 -1 0 2 Green car 
664 6 125 451 95 130 -1 -1 -1 0 2 Green car 
665 6 122 445 97 128 -1 -1 -1 0 2 Green car 
666 6 120 438 96 131 -1 -1 -1 0 2 Green car 
667 6 117 435 92 128 -1 -1 -1 0 2 Green car 
668 6 113 428 96 128 -1 -1 -1 0 2 Green car 
669 6 112 423 93 129 -1 -1 -1 0 2 Green car 
670 6 101 424 101 121 -1 -1 -1 0 2 Green car 
671 6 102 418 93 124 -1 -1 -1 0 2 Green car 
672 6 98 411 93 127 -1 -1 -1 0 2 Green car 
673 6 95 403 92 130 -1 -1 -1 0 2 Green car 
674 6 88 402 95 126 -1 -1 -1 0 2 Green car 
675 6 87 397 91 127 -1 -1 -1 0 2 Green car 
676 6 82 393 92 128 -1 -1 -1 0 2 Green car 
677 6 72 386 95 125 -1 -1 -1 0 2 Green car 
678 6 63 381 94 124 -1 -1 -1 0 2 Green car 
679 6 54 370 97 128 -1 -1 -1 0 2 Green car 
680 6 42 366 100 126 -1 -1 -1 0 2 Green car 
681 6 35 362 99 125 -1 -1 -1 0 2 Green car 
682 6 25 353 99 129 -1 -1 -1 0 2 Green car 
683 6 14 352 101 120 -1 -1 -1 0 2 Green car 
684 6 5 349 99 119 -1 -1 -1 0 2 Green car 
685 6 4 341 92 122 -1 -1 -1 0 2 Green car 
686 6 1 335 86 125 -1 -1 -1 0 2 Green car 
687 6 0 331 76 125 -1 -1 -1 0 2 Green car 
688 6 0 329 67 122 -1 -1 -1 0 2 Green car 
689 6 0 331 60 118 -1 -1 -1 0 2 Green car 
690 6 0 334 48 110 -1 -1 -1 0 2 Green car 
691 6 0 339 39 97 -1 -1 -1 0 2 Green car 
692 6 0 337 26 102 -1 -1 -1 0 2 Green car 
