13 1 339 685 50 32 -1 -1 -1 0 2 
14 1 339 674 51 41 -1 -1 -1 0 2 
15 1 339 669 52 48 -1 -1 -1 0 2 
16 1 338 661 51 54 -1 -1 -1 0 2 
17 1 338 655 53 61 -1 -1 -1 0 2 
18 1 338 646 55 72 -1 -1 -1 0 2 
19 1 337 641 56 77 -1 -1 -1 0 2 
20 1 338 630 53 89 -1 -1 -1 0 2 
21 1 339 622 52 97 -1 -1 -1 0 2 
22 1 339 616 53 103 -1 -1 -1 0 2 
23 1 340 607 51 112 -1 -1 -1 0 2 
24 1 339 595 54 119 -1 -1 -1 0 2 
25 1 338 586 54 122 -1 -1 -1 0 2 
26 1 338 575 56 123 -1 -1 -1 0 2 
27 1 338 572 54 119 -1 -1 -1 0 2 
28 1 339 563 52 123 -1 -1 -1 0 2 
29 1 339 554 54 125 -1 -1 -1 0 2 
30 1 339 549 54 125 -1 -1 -1 0 2 
31 1 341 542 52 126 -1 -1 -1 0 2 
32 1 341 531 52 128 -1 -1 -1 0 2 
33 1 341 523 52 127 -1 -1 -1 0 2 
34 1 341 515 52 124 -1 -1 -1 0 2 
35 1 341 507 52 120 -1 -1 -1 0 2 
36 1 341 500 51 121 -1 -1 -1 0 2 
37 1 341 493 51 120 -1 -1 -1 0 2 
38 1 341 484 51 120 -1 -1 -1 0 2 
39 1 343 479 49 117 -1 -1 -1 0 2 
40 1 344 468 48 122 -1 -1 -1 0 2 
41 1 343 456 50 127 -1 -1 -1 0 2 
42 1 342 448 53 130 -1 -1 -1 0 2 
43 1 339 440 55 129 -1 -1 -1 0 2 
44 1 334 431 64 129 -1 -1 -1 0 2 
45 1 334 421 64 127 -1 -1 -1 0 2 
46 1 333 419 60 127 -1 -1 -1 0 2 
47 1 337 416 58 115 -1 -1 -1 0 2 
48 1 339 409 56 112 -1 -1 -1 0 2 
49 1 342 402 50 111 -1 -1 -1 0 2 
50 1 344 397 48 111 -1 -1 -1 0 2 
51 1 345 370 49 129 -1 -1 -1 0 2 
52 1 342 358 54 139 -1 -1 -1 0 2 
53 1 334 352 64 118 -1 -1 -1 0 2 
54 1 340 350 59 103 -1 -1 -1 0 2 
55 1 338 340 62 100 -1 -1 -1 0 2 
56 1 342 334 54 101 -1 -1 -1 0 2 
57 1 343 327 53 107 -1 -1 -1 0 2 
58 1 339 319 57 108 -1 -1 -1 0 2 
59 1 342 312 52 114 -1 -1 -1 0 2 
60 1 342 304 52 121 -1 -1 -1 0 2 
61 1 340 297 55 124 -1 -1 -1 0 2 
62 1 340 291 53 124 -1 -1 -1 0 2 
63 1 340 285 54 124 -1 -1 -1 0 2 
64 1 341 281 53 124 -1 -1 -1 0 2 
65 1 341 273 51 124 -1 -1 -1 0 2 
66 1 339 265 54 123 -1 -1 -1 0 2 
67 1 339 259 55 123 -1 -1 -1 0 2 
68 1 340 256 53 122 -1 -1 -1 0 2 
69 1 342 247 50 123 -1 -1 -1 0 2 
70 1 340 239 53 118 -1 -1 -1 0 2 
71 1 341 233 50 119 -1 -1 -1 0 2 
72 1 340 226 53 119 -1 -1 -1 0 2 
73 1 342 222 49 120 -1 -1 -1 0 2 
74 1 341 212 51 121 -1 -1 -1 0 2 
75 1 340 204 51 120 -1 -1 -1 0 2 
76 1 337 202 56 115 -1 -1 -1 0 2 
77 1 337 198 56 113 -1 -1 -1 0 2 
78 1 340 188 52 117 -1 -1 -1 0 2 
79 1 339 176 52 120 -1 -1 -1 0 2 
80 1 339 178 53 108 -1 -1 -1 0 2 
81 1 342 171 49 106 -1 -1 -1 0 2 
82 1 342 167 48 106 -1 -1 -1 0 2 
83 1 343 154 48 110 -1 -1 -1 0 2 
84 1 341 145 48 108 -1 -1 -1 0 2 
85 1 340 138 50 103 -1 -1 -1 0 2 
86 1 340 128 50 107 -1 -1 -1 0 2 
87 1 338 122 58 103 -1 -1 -1 0 2 
88 1 331 115 67 88 -1 -1 -1 0 2 
89 1 324 109 77 80 -1 -1 -1 0 2 
90 1 330 100 66 83 -1 -1 -1 0 2 
91 1 338 88 56 92 -1 -1 -1 0 2 
92 1 339 80 54 97 -1 -1 -1 0 2 
93 1 338 73 56 98 -1 -1 -1 0 2 
94 1 338 69 53 103 -1 -1 -1 0 2 
95 1 338 61 53 109 -1 -1 -1 0 2 
96 1 339 55 52 112 -1 -1 -1 0 2 
97 1 338 49 52 114 -1 -1 -1 0 2 
98 1 337 42 52 117 -1 -1 -1 0 2 
99 1 337 34 53 119 -1 -1 -1 0 2 
100 1 337 29 53 119 -1 -1 -1 0 2 
101 1 337 22 54 120 -1 -1 -1 0 2 
102 1 338 13 51 122 -1 -1 -1 0 2 
103 1 336 6 54 122 -1 -1 -1 0 2 
104 1 337 0 54 120 -1 -1 -1 0 2 
105 1 336 0 54 114 -1 -1 -1 0 2 
106 1 336 0 54 107 -1 -1 -1 0 2 
107 1 334 2 55 100 -1 -1 -1 0 2 
108 1 333 0 56 95 -1 -1 -1 0 2 
109 1 333 0 57 90 -1 -1 -1 0 2 
110 1 333 0 58 82 -1 -1 -1 0 2 
111 1 330 0 60 75 -1 -1 -1 0 2 
112 1 332 1 56 67 -1 -1 -1 0 2 
113 1 331 0 58 62 -1 -1 -1 0 2 
115 1 330 0 62 51 -1 -1 -1 0 2 
116 1 332 0 55 43 -1 -1 -1 0 2 
117 1 334 0 52 37 -1 -1 -1 0 2 
118 1 334 0 52 30 -1 -1 -1 0 2 
119 1 332 1 54 21 -1 -1 -1 0 2 
147 3 339 685 50 32 -1 -1 -1 0 0 
148 3 339 674 51 41 -1 -1 -1 0 0 
149 3 339 669 52 48 -1 -1 -1 0 0 
150 3 338 661 51 54 -1 -1 -1 0 0 
151 3 338 655 53 61 -1 -1 -1 0 0 
152 3 338 646 55 72 -1 -1 -1 0 0 
153 3 337 641 56 78 -1 -1 -1 0 0 
154 3 338 630 53 89 -1 -1 -1 0 0 
155 3 339 622 52 97 -1 -1 -1 0 0 
156 3 339 616 53 103 -1 -1 -1 0 0 
157 3 340 607 51 112 -1 -1 -1 0 0 
158 3 339 595 54 119 -1 -1 -1 0 0 
159 3 338 586 54 122 -1 -1 -1 0 0 
160 3 338 575 56 123 -1 -1 -1 0 0 
161 3 338 572 54 119 -1 -1 -1 0 0 
162 3 339 563 52 123 -1 -1 -1 0 0 
163 3 339 554 54 125 -1 -1 -1 0 0 
164 3 339 549 54 125 -1 -1 -1 0 0 
165 3 340 541 54 124 -1 -1 -1 0 0 
166 3 342 532 51 127 -1 -1 -1 0 0 
167 3 341 524 52 126 -1 -1 -1 0 0 
168 3 341 515 52 124 -1 -1 -1 0 0 
169 3 342 507 51 120 -1 -1 -1 0 0 
170 3 341 500 51 121 -1 -1 -1 0 0 
171 3 341 493 51 120 -1 -1 -1 0 0 
172 3 341 484 51 120 -1 -1 -1 0 0 
173 3 343 479 49 117 -1 -1 -1 0 0 
174 3 344 468 48 122 -1 -1 -1 0 0 
175 3 343 456 50 127 -1 -1 -1 0 0 
176 3 342 448 53 130 -1 -1 -1 0 0 
177 3 339 440 55 129 -1 -1 -1 0 0 
178 3 334 431 64 129 -1 -1 -1 0 0 
179 3 334 421 64 127 -1 -1 -1 0 0 
180 3 333 419 60 127 -1 -1 -1 0 0 
181 3 337 415 58 116 -1 -1 -1 0 0 
182 3 339 409 56 112 -1 -1 -1 0 0 
183 3 342 402 50 112 -1 -1 -1 0 0 
184 3 344 397 48 112 -1 -1 -1 0 0 
185 3 345 370 49 129 -1 -1 -1 0 0 
186 3 342 359 54 138 -1 -1 -1 0 0 
187 3 334 353 64 117 -1 -1 -1 0 0 
188 3 340 350 59 103 -1 -1 -1 0 0 
189 3 338 340 62 100 -1 -1 -1 0 0 
190 3 342 334 54 100 -1 -1 -1 0 0 
191 3 343 327 53 107 -1 -1 -1 0 0 
192 3 340 319 55 108 -1 -1 -1 0 0 
193 3 342 312 52 114 -1 -1 -1 0 0 
194 3 342 304 52 121 -1 -1 -1 0 0 
195 3 340 297 55 124 -1 -1 -1 0 0 
196 3 340 291 53 124 -1 -1 -1 0 0 
197 3 340 285 54 124 -1 -1 -1 0 0 
198 3 341 281 53 124 -1 -1 -1 0 0 
199 3 341 273 51 124 -1 -1 -1 0 0 
200 3 339 265 54 123 -1 -1 -1 0 0 
201 3 339 259 55 123 -1 -1 -1 0 0 
202 3 340 256 53 122 -1 -1 -1 0 0 
203 3 342 247 50 123 -1 -1 -1 0 0 
204 3 340 239 53 118 -1 -1 -1 0 0 
205 3 341 233 50 119 -1 -1 -1 0 0 
206 3 340 226 53 119 -1 -1 -1 0 0 
207 3 342 222 49 120 -1 -1 -1 0 0 
208 3 341 212 51 121 -1 -1 -1 0 0 
209 3 340 204 51 120 -1 -1 -1 0 0 
210 3 337 202 56 115 -1 -1 -1 0 0 
211 3 337 198 56 113 -1 -1 -1 0 0 
212 3 339 188 53 117 -1 -1 -1 0 0 
213 3 339 176 52 120 -1 -1 -1 0 0 
214 3 339 178 53 108 -1 -1 -1 0 0 
215 3 342 171 49 106 -1 -1 -1 0 0 
216 3 342 167 48 106 -1 -1 -1 0 0 
217 3 343 154 48 110 -1 -1 -1 0 0 
218 3 341 144 48 109 -1 -1 -1 0 0 
219 3 340 138 50 103 -1 -1 -1 0 0 
220 3 339 127 51 109 -1 -1 -1 0 0 
221 3 337 122 59 103 -1 -1 -1 0 0 
222 3 331 114 67 89 -1 -1 -1 0 0 
223 3 324 108 77 81 -1 -1 -1 0 0 
224 3 330 100 66 83 -1 -1 -1 0 0 
225 3 338 88 56 92 -1 -1 -1 0 0 
226 3 338 80 55 97 -1 -1 -1 0 0 
227 3 338 73 55 98 -1 -1 -1 0 0 
228 3 338 69 53 103 -1 -1 -1 0 0 
229 3 338 61 53 110 -1 -1 -1 0 0 
230 3 338 55 53 113 -1 -1 -1 0 0 
231 3 338 49 52 114 -1 -1 -1 0 0 
232 3 337 42 52 117 -1 -1 -1 0 0 
233 3 336 34 54 119 -1 -1 -1 0 0 
234 3 337 29 53 119 -1 -1 -1 0 0 
235 3 337 22 54 120 -1 -1 -1 0 0 
236 3 338 13 51 122 -1 -1 -1 0 0 
237 3 336 6 54 122 -1 -1 -1 0 0 
238 3 337 0 54 120 -1 -1 -1 0 0 
239 3 336 0 54 114 -1 -1 -1 0 0 
240 3 336 0 54 107 -1 -1 -1 0 0 
241 3 334 2 55 100 -1 -1 -1 0 0 
242 3 333 0 56 95 -1 -1 -1 0 0 
243 3 333 0 57 90 -1 -1 -1 0 0 
244 3 333 0 58 82 -1 -1 -1 0 0 
245 3 330 0 60 75 -1 -1 -1 0 0 
246 3 332 2 56 66 -1 -1 -1 0 0 
247 3 333 0 56 62 -1 -1 -1 0 0 
249 3 330 0 59 50 -1 -1 -1 0 0 
250 3 332 0 55 43 -1 -1 -1 0 0 
251 3 334 0 52 37 -1 -1 -1 0 0 
252 3 334 0 52 30 -1 -1 -1 0 0 
253 3 332 1 54 20 -1 -1 -1 0 0 
296 6 350 659 50 53 -1 -1 -1 0 0 
297 6 349 645 55 73 -1 -1 -1 0 0 
298 6 351 628 52 91 -1 -1 -1 0 0 
299 6 354 616 47 103 -1 -1 -1 0 0 
300 6 354 596 50 120 -1 -1 -1 0 0 
301 6 352 583 54 120 -1 -1 -1 0 0 
302 6 351 564 55 127 -1 -1 -1 0 0 
303 6 349 546 58 131 -1 -1 -1 0 0 
304 6 348 529 59 126 -1 -1 -1 0 0 
305 6 350 514 58 123 -1 -1 -1 0 0 
306 6 351 498 55 123 -1 -1 -1 0 0 
307 6 350 484 55 119 -1 -1 -1 0 0 
308 6 348 466 57 123 -1 -1 -1 0 0 
309 6 348 449 56 128 -1 -1 -1 0 0 
310 6 345 439 58 127 -1 -1 -1 0 0 
311 6 324 432 84 112 -1 -1 -1 0 0 
312 6 320 426 79 105 -1 -1 -1 0 0 
313 6 318 417 86 104 -1 -1 -1 0 0 
314 6 314 409 86 105 -1 -1 -1 0 0 
315 6 306 409 90 103 -1 -1 -1 0 0 
316 6 300 398 94 109 -1 -1 -1 0 0 
317 6 290 391 103 100 -1 -1 -1 0 0 
318 6 281 376 111 110 -1 -1 -1 0 0 
319 6 281 368 99 108 -1 -1 -1 0 0 
320 6 271 359 117 110 -1 -1 -1 0 0 
321 6 262 350 114 109 -1 -1 -1 0 0 
322 6 257 343 112 103 -1 -1 -1 0 0 
323 6 247 340 120 101 -1 -1 -1 0 0 
324 6 242 334 123 96 -1 -1 -1 0 0 
325 6 230 330 128 96 -1 -1 -1 0 0 
326 6 223 325 134 93 -1 -1 -1 0 0 
327 6 218 321 134 91 -1 -1 -1 0 0 
328 6 212 316 126 92 -1 -1 -1 0 0 
329 6 207 315 132 84 -1 -1 -1 0 0 
330 6 198 309 131 92 -1 -1 -1 0 0 
331 6 187 308 137 81 -1 -1 -1 0 0 
332 6 183 304 136 79 -1 -1 -1 0 0 
333 6 174 307 145 76 -1 -1 -1 0 0 
334 6 173 301 130 77 -1 -1 -1 0 0 
335 6 165 304 135 73 -1 -1 -1 0 0 
336 6 158 305 129 68 -1 -1 -1 0 0 
337 6 146 301 138 68 -1 -1 -1 0 0 
338 6 140 300 138 70 -1 -1 -1 0 0 
339 6 134 299 137 68 -1 -1 -1 0 0 
340 6 124 300 135 65 -1 -1 -1 0 0 
341 6 116 300 137 65 -1 -1 -1 0 0 
342 6 109 300 140 65 -1 -1 -1 0 0 
343 6 100 300 143 64 -1 -1 -1 0 0 
344 6 97 300 134 63 -1 -1 -1 0 0 
345 6 87 298 135 64 -1 -1 -1 0 0 
346 6 79 300 137 62 -1 -1 -1 0 0 
347 6 76 302 135 61 -1 -1 -1 0 0 
348 6 73 300 133 60 -1 -1 -1 0 0 
349 6 73 299 122 58 -1 -1 -1 0 0 
350 6 66 304 115 53 -1 -1 -1 0 0 
351 6 45 301 132 56 -1 -1 -1 0 0 
352 6 36 302 134 55 -1 -1 -1 0 0 
353 6 33 300 128 52 -1 -1 -1 0 0 
354 6 20 301 132 50 -1 -1 -1 0 0 
355 6 7 302 140 48 -1 -1 -1 0 0 
356 6 0 301 140 50 -1 -1 -1 0 0 
357 6 0 302 135 50 -1 -1 -1 0 0 
358 6 0 301 125 50 -1 -1 -1 0 0 
359 6 0 301 117 54 -1 -1 -1 0 0 
360 6 0 300 108 55 -1 -1 -1 0 0 
361 6 0 301 103 54 -1 -1 -1 0 0 
362 6 0 300 92 56 -1 -1 -1 0 0 
363 6 0 300 87 55 -1 -1 -1 0 0 
364 6 0 300 78 56 -1 -1 -1 0 0 
365 6 0 300 68 56 -1 -1 -1 0 0 
366 6 0 301 65 55 -1 -1 -1 0 0 
367 6 0 302 58 53 -1 -1 -1 0 0 
368 6 1 302 47 53 -1 -1 -1 0 0 
369 6 0 303 41 53 -1 -1 -1 0 0 
370 6 0 302 35 54 -1 -1 -1 0 0 
371 6 0 301 28 52 -1 -1 -1 0 0 
372 6 0 303 22 47 -1 -1 -1 0 0 
411 11 144 680 52 36 -1 -1 -1 0 0 
412 11 141 676 57 40 -1 -1 -1 0 0 
413 13 150 659 67 59 -1 -1 -1 0 0 
414 13 144 653 78 65 -1 -1 -1 0 0 
415 13 151 646 77 71 -1 -1 -1 0 0 
416 13 141 637 94 82 -1 -1 -1 0 0 
417 11 164 640 72 76 -1 -1 -1 0 0 
417 13 142 628 101 91 -1 -1 -1 0 0 
418 11 151 614 78 91 -1 -1 -1 0 0 
418 13 143 618 102 98 -1 -1 -1 0 0 
419 11 150 598 78 104 -1 -1 -1 0 0 
419 13 139 605 110 105 -1 -1 -1 0 0 
420 11 148 587 81 112 -1 -1 -1 0 0 
420 13 137 596 112 106 -1 -1 -1 0 0 
421 11 146 581 86 111 -1 -1 -1 0 0 
421 13 137 586 111 119 -1 -1 -1 0 0 
422 11 147 571 87 118 -1 -1 -1 0 0 
423 13 134 568 115 127 -1 -1 -1 0 0 
424 13 143 556 97 129 -1 -1 -1 0 0 
425 13 133 549 116 128 -1 -1 -1 0 0 
426 13 135 542 111 121 -1 -1 -1 0 0 
427 13 135 536 105 122 -1 -1 -1 0 0 
428 13 131 527 114 125 -1 -1 -1 0 0 
429 13 129 523 108 114 -1 -1 -1 0 0 
430 13 143 517 91 110 -1 -1 -1 0 0 
431 13 142 509 92 109 -1 -1 -1 0 0 
432 13 130 505 105 111 -1 -1 -1 0 0 
433 13 130 499 107 109 -1 -1 -1 0 0 
434 11 139 484 90 111 -1 -1 -1 0 0 
434 13 128 495 108 109 -1 -1 -1 0 0 
435 11 138 476 92 113 -1 -1 -1 0 0 
436 13 123 472 115 119 -1 -1 -1 0 0 
437 13 119 465 115 117 -1 -1 -1 0 0 
438 13 125 457 101 117 -1 -1 -1 0 0 
439 13 112 455 122 116 -1 -1 -1 0 0 
440 13 109 447 119 116 -1 -1 -1 0 0 
441 13 100 443 121 117 -1 -1 -1 0 0 
442 13 96 434 131 125 -1 -1 -1 0 0 
443 13 92 426 125 120 -1 -1 -1 0 0 
444 13 94 424 115 115 -1 -1 -1 0 0 
445 13 89 417 113 117 -1 -1 -1 0 0 
446 13 87 416 116 113 -1 -1 -1 0 0 
447 13 85 408 114 115 -1 -1 -1 0 0 
448 13 72 403 127 121 -1 -1 -1 0 0 
449 13 73 406 125 117 -1 -1 -1 0 0 
450 13 68 403 122 117 -1 -1 -1 0 0 
451 13 61 398 131 121 -1 -1 -1 0 0 
452 13 54 387 129 123 -1 -1 -1 0 0 
453 13 44 377 135 124 -1 -1 -1 0 0 
454 13 48 374 111 118 -1 -1 -1 0 0 
455 13 29 372 128 114 -1 -1 -1 0 0 
456 13 30 361 107 113 -1 -1 -1 0 0 
457 11 32 356 77 96 -1 -1 -1 0 0 
457 13 23 356 98 110 -1 -1 -1 0 0 
458 11 12 351 67 62 -1 -1 -1 0 0 
458 13 16 354 94 103 -1 -1 -1 0 0 
459 11 2 348 62 62 -1 -1 -1 0 0 
459 13 0 351 115 101 -1 -1 -1 0 0 
460 11 0 342 51 59 -1 -1 -1 0 0 
460 13 0 343 103 100 -1 -1 -1 0 0 
461 13 0 339 82 98 -1 -1 -1 0 0 
462 13 0 335 71 100 -1 -1 -1 0 0 
463 13 0 333 65 99 -1 -1 -1 0 0 
464 13 0 337 57 103 -1 -1 -1 0 0 
